800,0,0.3048,71.3,0.00266337,126.201
1000,0,0.3048,71.3,0.00266337,125.201
2000,0,0.3048,71.3,0.00266337,127.461
3150,0,0.3048,71.3,0.00266337,125.201
6300,0,0.3048,71.3,0.00266337,119.541
10000,0,0.3048,71.3,0.00266337,115.391
12500,0,0.3048,71.3,0.00266337,112.241
630,0,0.3048,55.5,0.00283081,127.696
800,0,0.3048,55.5,0.00283081,128.086
1000,0,0.3048,55.5,0.00283081,126.966
1250,0,0.3048,55.5,0.00283081,126.086
1600,0,0.3048,55.5,0.00283081,126.986
2000,0,0.3048,55.5,0.00283081,126.616
2500,0,0.3048,55.5,0.00283081,124.106
3150,0,0.3048,55.5,0.00283081,123.236
4000,0,0.3048,55.5,0.00283081,121.106
6300,0,0.3048,55.5,0.00283081,117.976
8000,0,0.3048,55.5,0.00283081,116.476
10000,0,0.3048,55.5,0.00283081,113.076
12500,0,0.3048,55.5,0.00283081,111.076
250,0,0.3048,39.6,0.00310138,119.319
315,0,0.3048,39.6,0.00310138,122.779
500,0,0.3048,39.6,0.00310138,126.959
630,0,0.3048,39.6,0.00310138,128.629
800,0,0.3048,39.6,0.00310138,129.099
1000,0,0.3048,39.6,0.00310138,127.899
1250,0,0.3048,39.6,0.00310138,125.499
1600,0,0.3048,39.6,0.00310138,124.049
2000,0,0.3048,39.6,0.00310138,123.689
2500,0,0.3048,39.6,0.00310138,121.399
3150,0,0.3048,39.6,0.00310138,120.319
4000,0,0.3048,39.6,0.00310138,119.229
6300,0,0.3048,39.6,0.00310138,116.229
8000,0,0.3048,39.6,0.00310138,114.779
10000,0,0.3048,39.6,0.00310138,112.139
200,0,0.3048,31.7,0.00331266,117.195
250,0,0.3048,31.7,0.00331266,118.595
315,0,0.3048,31.7,0.00331266,122.765
500,0,0.3048,31.7,0.00331266,127.315
630,0,0.3048,31.7,0.00331266,129.095
800,0,0.3048,31.7,0.00331266,129.235
1000,0,0.3048,31.7,0.00331266,127.365
1250,0,0.3048,31.7,0.00331266,124.355
1600,0,0.3048,31.7,0.00331266,122.365
2000,0,0.3048,31.7,0.00331266,122.375
2500,0,0.3048,31.7,0.00331266,120.755
3150,0,0.3048,31.7,0.00331266,119.135
4000,0,0.3048,31.7,0.00331266,118.145
5000,0,0.3048,31.7,0.00331266,115.645
8000,0,0.3048,31.7,0.00331266,110.515
800,1.5,0.3048,71.3,0.00336729,127.122
1250,1.5,0.3048,71.3,0.00336729,125.872
1600,1.5,0.3048,71.3,0.00336729,126.632
3150,1.5,0.3048,71.3,0.00336729,123.392
6300,1.5,0.3048,71.3,0.00336729,118.122
10000,1.5,0.3048,71.3,0.00336729,113.492
12500,1.5,0.3048,71.3,0.00336729,109.222
16000,1.5,0.3048,71.3,0.00336729,106.582
400,1.5,0.3048,39.6,0.00392107,124.001
630,1.5,0.3048,39.6,0.00392107,128.311
800,1.5,0.3048,39.6,0.00392107,128.831
1000,1.5,0.3048,39.6,0.00392107,127.581
1600,1.5,0.3048,39.6,0.00392107,122.211
2000,1.5,0.3048,39.6,0.00392107,122.101
2500,1.5,0.3048,39.6,0.00392107,120.981
4000,1.5,0.3048,39.6,0.00392107,117.741
8000,1.5,0.3048,39.6,0.00392107,112.251
10000,1.5,0.3048,39.6,0.00392107,108.991
12500,1.5,0.3048,39.6,0.00392107,106.111
400,3,0.3048,71.3,0.00425727,127.564
800,3,0.3048,71.3,0.00425727,129.494
1000,3,0.3048,71.3,0.00425727,129.004
1250,3,0.3048,71.3,0.00425727,127.634
1600,3,0.3048,71.3,0.00425727,126.514
2000,3,0.3048,71.3,0.00425727,125.524
3150,3,0.3048,71.3,0.00425727,121.514
4000,3,0.3048,71.3,0.00425727,120.264
5000,3,0.3048,71.3,0.00425727,118.134
6300,3,0.3048,71.3,0.00425727,116.134
8000,3,0.3048,71.3,0.00425727,114.634
10000,3,0.3048,71.3,0.00425727,110.224
500,3,0.3048,55.5,0.00452492,128.179
630,3,0.3048,55.5,0.00452492,129.569
800,3,0.3048,55.5,0.00452492,129.949
1000,3,0.3048,55.5,0.00452492,129.329
1250,3,0.3048,55.5,0.00452492,127.329
1600,3,0.3048,55.5,0.00452492,124.439
4000,3,0.3048,55.5,0.00452492,118.689
5000,3,0.3048,55.5,0.00452492,117.309
10000,3,0.3048,55.5,0.00452492,112.169
315,3,0.3048,39.6,0.00495741,123.312
400,3,0.3048,39.6,0.00495741,125.472
800,3,0.3048,39.6,0.00495741,129.552
1000,3,0.3048,39.6,0.00495741,128.312
1250,3,0.3048,39.6,0.00495741,125.802
2000,3,0.3048,39.6,0.00495741,120.532
2500,3,0.3048,39.6,0.00495741,120.162
3150,3,0.3048,39.6,0.00495741,118.922
4000,3,0.3048,39.6,0.00495741,116.792
6300,3,0.3048,39.6,0.00495741,114.042
8000,3,0.3048,39.6,0.00495741,110.652
400,3,0.3048,31.7,0.00529514,125.398
630,3,0.3048,31.7,0.00529514,128.698
800,3,0.3048,31.7,0.00529514,128.708
1000,3,0.3048,31.7,0.00529514,126.838
1250,3,0.3048,31.7,0.00529514,124.838
1600,3,0.3048,31.7,0.00529514,122.088
2500,3,0.3048,31.7,0.00529514,119.598
3150,3,0.3048,31.7,0.00529514,118.108
6300,3,0.3048,31.7,0.00529514,109.718
250,4,0.3048,71.3,0.00497773,126.395
315,4,0.3048,71.3,0.00497773,128.175
400,4,0.3048,71.3,0.00497773,129.575
630,4,0.3048,71.3,0.00497773,131.615
800,4,0.3048,71.3,0.00497773,131.755
1250,4,0.3048,71.3,0.00497773,129.395
1600,4,0.3048,71.3,0.00497773,126.645
2000,4,0.3048,71.3,0.00497773,124.395
3150,4,0.3048,71.3,0.00497773,121.775
4000,4,0.3048,71.3,0.00497773,119.535
5000,4,0.3048,71.3,0.00497773,117.785
6300,4,0.3048,71.3,0.00497773,116.165
250,4,0.3048,39.6,0.00579636,123.543
315,4,0.3048,39.6,0.00579636,126.843
400,4,0.3048,39.6,0.00579636,128.633
630,4,0.3048,39.6,0.00579636,131.073
800,4,0.3048,39.6,0.00579636,130.723
1000,4,0.3048,39.6,0.00579636,128.723
1250,4,0.3048,39.6,0.00579636,126.343
1600,4,0.3048,39.6,0.00579636,123.213
2000,4,0.3048,39.6,0.00579636,120.963
2500,4,0.3048,39.6,0.00579636,120.233
2000,0,0.2286,71.3,0.00214345,128.244
4000,0,0.2286,71.3,0.00214345,125.824
6300,0,0.2286,71.3,0.00214345,122.044
8000,0,0.2286,71.3,0.00214345,118.024
12500,0,0.2286,71.3,0.00214345,117.624
315,0,0.2286,55.5,0.00229336,119.540
400,0,0.2286,55.5,0.00229336,121.660
500,0,0.2286,55.5,0.00229336,123.780
800,0,0.2286,55.5,0.00229336,127.530
1000,0,0.2286,55.5,0.00229336,128.290
1250,0,0.2286,55.5,0.00229336,127.910
2000,0,0.2286,55.5,0.00229336,126.540
2500,0,0.2286,55.5,0.00229336,126.540
3150,0,0.2286,55.5,0.00229336,125.160
4000,0,0.2286,55.5,0.00229336,123.410
6300,0,0.2286,55.5,0.00229336,118.410
315,0,0.2286,39.6,0.00253511,121.055
400,0,0.2286,39.6,0.00253511,123.565
630,0,0.2286,39.6,0.00253511,128.705
800,0,0.2286,39.6,0.00253511,130.205
1000,0,0.2286,39.6,0.00253511,130.435
1250,0,0.2286,39.6,0.00253511,129.395
1600,0,0.2286,39.6,0.00253511,127.095
2000,0,0.2286,39.6,0.00253511,125.305
2500,0,0.2286,39.6,0.00253511,125.025
3150,0,0.2286,39.6,0.00253511,124.625
4000,0,0.2286,39.6,0.00253511,123.465
5000,0,0.2286,39.6,0.00253511,122.175
6300,0,0.2286,39.6,0.00253511,117.465
315,0,0.2286,31.7,0.0027238,120.595
500,0,0.2286,31.7,0.0027238,126.675
630,0,0.2286,31.7,0.0027238,129.465
800,0,0.2286,31.7,0.0027238,130.725
1000,0,0.2286,31.7,0.0027238,130.595
1250,0,0.2286,31.7,0.0027238,128.805
1600,0,0.2286,31.7,0.0027238,125.625
2500,0,0.2286,31.7,0.0027238,123.445
3150,0,0.2286,31.7,0.0027238,123.445
4000,0,0.2286,31.7,0.0027238,122.035
5000,0,0.2286,31.7,0.0027238,120.505
6300,0,0.2286,31.7,0.0027238,116.815
500,2,0.2286,71.3,0.00293031,126.486
800,2,0.2286,71.3,0.00293031,128.216
1250,2,0.2286,71.3,0.00293031,128.816
1600,2,0.2286,71.3,0.00293031,127.796
4000,2,0.2286,71.3,0.00293031,124.086
5000,2,0.2286,71.3,0.00293031,122.816
6300,2,0.2286,71.3,0.00293031,120.786
8000,2,0.2286,71.3,0.00293031,115.996
400,2,0.2286,55.5,0.00313525,122.292
630,2,0.2286,55.5,0.00313525,126.842
800,2,0.2286,55.5,0.00313525,128.492
1000,2,0.2286,55.5,0.00313525,129.002
1250,2,0.2286,55.5,0.00313525,128.762
1600,2,0.2286,55.5,0.00313525,126.752
3150,2,0.2286,55.5,0.00313525,123.742
4000,2,0.2286,55.5,0.00313525,122.232
5000,2,0.2286,55.5,0.00313525,120.472
6300,2,0.2286,55.5,0.00313525,118.712
400,2,0.2286,39.6,0.00346574,122.147
630,2,0.2286,39.6,0.00346574,127.417
800,2,0.2286,39.6,0.00346574,129.037
2000,2,0.2286,39.6,0.00346574,122.797
4000,2,0.2286,39.6,0.00346574,120.227
5000,2,0.2286,39.6,0.00346574,118.827
6300,2,0.2286,39.6,0.00346574,116.417
315,2,0.2286,31.7,0.00372371,120.147
400,2,0.2286,31.7,0.00372371,123.417
500,2,0.2286,31.7,0.00372371,126.677
800,2,0.2286,31.7,0.00372371,130.307
1000,2,0.2286,31.7,0.00372371,130.307
2000,2,0.2286,31.7,0.00372371,123.037
2500,2,0.2286,31.7,0.00372371,121.407
3150,2,0.2286,31.7,0.00372371,121.527
4000,2,0.2286,31.7,0.00372371,120.527
6300,2,0.2286,31.7,0.00372371,115.137
500,4,0.2286,71.3,0.00400603,126.758
630,4,0.2286,71.3,0.00400603,129.038
1600,4,0.2286,71.3,0.00400603,129.468
2000,4,0.2286,71.3,0.00400603,126.218
2500,4,0.2286,71.3,0.00400603,124.338
3150,4,0.2286,71.3,0.00400603,124.108
4000,4,0.2286,71.3,0.00400603,121.728
5000,4,0.2286,71.3,0.00400603,121.118
6300,4,0.2286,71.3,0.00400603,118.618
10000,4,0.2286,71.3,0.00400603,113.108
12500,4,0.2286,71.3,0.00400603,114.258
16000,4,0.2286,71.3,0.00400603,112.768
20000,4,0.2286,71.3,0.00400603,109.638
400,4,0.2286,55.5,0.0042862,123.274
500,4,0.2286,55.5,0.0042862,127.314
630,4,0.2286,55.5,0.0042862,129.964
800,4,0.2286,55.5,0.0042862,131.864
1000,4,0.2286,55.5,0.0042862,132.134
2000,4,0.2286,55.5,0.0042862,124.254
2500,4,0.2286,55.5,0.0042862,122.384
3150,4,0.2286,55.5,0.0042862,122.394
4000,4,0.2286,55.5,0.0042862,120.654
400,4,0.2286,39.6,0.00473801,123.879
630,4,0.2286,39.6,0.00473801,129.579
1000,4,0.2286,39.6,0.00473801,129.969
1250,4,0.2286,39.6,0.00473801,128.339
2000,4,0.2286,39.6,0.00473801,121.659
2500,4,0.2286,39.6,0.00473801,119.649
3150,4,0.2286,39.6,0.00473801,120.419
4000,4,0.2286,39.6,0.00473801,119.159
5000,4,0.2286,39.6,0.00473801,117.649
6300,4,0.2286,39.6,0.00473801,114.249
8000,4,0.2286,39.6,0.00473801,113.129
250,4,0.2286,31.7,0.00509068,120.189
315,4,0.2286,31.7,0.00509068,123.609
400,4,0.2286,31.7,0.00509068,126.149
500,4,0.2286,31.7,0.00509068,128.939
630,4,0.2286,31.7,0.00509068,130.349
800,4,0.2286,31.7,0.00509068,130.869
1000,4,0.2286,31.7,0.00509068,129.869
1250,4,0.2286,31.7,0.00509068,128.119
1600,4,0.2286,31.7,0.00509068,125.229
2000,4,0.2286,31.7,0.00509068,122.089
2500,4,0.2286,31.7,0.00509068,120.209
3150,4,0.2286,31.7,0.00509068,120.229
4000,4,0.2286,31.7,0.00509068,118.859
5000,4,0.2286,31.7,0.00509068,115.969
6300,4,0.2286,31.7,0.00509068,112.699
1000,5.3,0.2286,71.3,0.0051942,134.000
1600,5.3,0.2286,71.3,0.0051942,130.460
2000,5.3,0.2286,71.3,0.0051942,125.890
2500,5.3,0.2286,71.3,0.0051942,123.740
3150,5.3,0.2286,71.3,0.0051942,123.120
4000,5.3,0.2286,71.3,0.0051942,120.330
5000,5.3,0.2286,71.3,0.0051942,118.050
6300,5.3,0.2286,71.3,0.0051942,116.920
8000,5.3,0.2286,71.3,0.0051942,114.900
10000,5.3,0.2286,71.3,0.0051942,111.350
250,5.3,0.2286,39.6,0.00614329,127.011
500,5.3,0.2286,39.6,0.00614329,132.251
630,5.3,0.2286,39.6,0.00614329,132.011
800,5.3,0.2286,39.6,0.00614329,129.491
1000,5.3,0.2286,39.6,0.00614329,125.581
1600,5.3,0.2286,39.6,0.00614329,123.081
2500,5.3,0.2286,39.6,0.00614329,116.151
4000,5.3,0.2286,39.6,0.00614329,115.801
5000,5.3,0.2286,39.6,0.00614329,115.311
200,7.3,0.2286,71.3,0.0104404,138.758
315,7.3,0.2286,71.3,0.0104404,139.808
630,7.3,0.2286,71.3,0.0104404,133.768
800,7.3,0.2286,71.3,0.0104404,130.748
1250,7.3,0.2286,71.3,0.0104404,127.358
1600,7.3,0.2286,71.3,0.0104404,125.728
2000,7.3,0.2286,71.3,0.0104404,122.708
3150,7.3,0.2286,71.3,0.0104404,120.458
5000,7.3,0.2286,71.3,0.0104404,115.298
200,7.3,0.2286,55.5,0.0111706,135.234
315,7.3,0.2286,55.5,0.0111706,136.284
500,7.3,0.2286,55.5,0.0111706,133.174
800,7.3,0.2286,55.5,0.0111706,128.444
1000,7.3,0.2286,55.5,0.0111706,125.194
1250,7.3,0.2286,55.5,0.0111706,125.724
1600,7.3,0.2286,55.5,0.0111706,123.354
2500,7.3,0.2286,55.5,0.0111706,118.994
3150,7.3,0.2286,55.5,0.0111706,117.134
4000,7.3,0.2286,55.5,0.0111706,117.284
5000,7.3,0.2286,55.5,0.0111706,113.144
200,7.3,0.2286,39.6,0.0123481,130.989
250,7.3,0.2286,39.6,0.0123481,131.889
400,7.3,0.2286,39.6,0.0123481,132.039
500,7.3,0.2286,39.6,0.0123481,130.299
800,7.3,0.2286,39.6,0.0123481,126.299
1000,7.3,0.2286,39.6,0.0123481,122.539
1250,7.3,0.2286,39.6,0.0123481,123.189
1600,7.3,0.2286,39.6,0.0123481,121.059
2000,7.3,0.2286,39.6,0.0123481,117.809
2500,7.3,0.2286,39.6,0.0123481,116.559
3150,7.3,0.2286,39.6,0.0123481,114.309
4000,7.3,0.2286,39.6,0.0123481,114.079
5000,7.3,0.2286,39.6,0.0123481,111.959
6300,7.3,0.2286,39.6,0.0123481,110.839
200,7.3,0.2286,31.7,0.0132672,128.679
250,7.3,0.2286,31.7,0.0132672,130.089
315,7.3,0.2286,31.7,0.0132672,130.239
400,7.3,0.2286,31.7,0.0132672,130.269
500,7.3,0.2286,31.7,0.0132672,128.169
630,7.3,0.2286,31.7,0.0132672,126.189
1000,7.3,0.2286,31.7,0.0132672,119.099
1250,7.3,0.2286,31.7,0.0132672,120.509
1600,7.3,0.2286,31.7,0.0132672,119.039
2000,7.3,0.2286,31.7,0.0132672,115.309
2500,7.3,0.2286,31.7,0.0132672,114.709
3150,7.3,0.2286,31.7,0.0132672,113.229
4000,7.3,0.2286,31.7,0.0132672,112.639
5000,7.3,0.2286,31.7,0.0132672,111.029
1000,0,0.1524,71.3,0.0015988,127.307
1600,0,0.1524,71.3,0.0015988,129.667
2000,0,0.1524,71.3,0.0015988,128.647
2500,0,0.1524,71.3,0.0015988,128.127
3150,0,0.1524,71.3,0.0015988,129.377
4000,0,0.1524,71.3,0.0015988,128.857
6300,0,0.1524,71.3,0.0015988,125.427
8000,0,0.1524,71.3,0.0015988,122.527
10000,0,0.1524,71.3,0.0015988,120.247
12500,0,0.1524,71.3,0.0015988,117.087
16000,0,0.1524,71.3,0.0015988,113.297
500,0,0.1524,55.5,0.00172668,120.573
630,0,0.1524,55.5,0.00172668,123.583
800,0,0.1524,55.5,0.00172668,126.713
1600,0,0.1524,55.5,0.00172668,130.183
3150,0,0.1524,55.5,0.00172668,127.753
4000,0,0.1524,55.5,0.00172668,127.233
5000,0,0.1524,55.5,0.00172668,125.203
8000,0,0.1524,55.5,0.00172668,121.903
10000,0,0.1524,55.5,0.00172668,119.253
12500,0,0.1524,55.5,0.00172668,117.093
16000,0,0.1524,55.5,0.00172668,112.803
800,0,0.1524,39.6,0.00193287,127.903
1000,0,0.1524,39.6,0.00193287,130.033
1600,0,0.1524,39.6,0.00193287,131.013
2000,0,0.1524,39.6,0.00193287,129.633
2500,0,0.1524,39.6,0.00193287,126.863
3150,0,0.1524,39.6,0.00193287,125.603
5000,0,0.1524,39.6,0.00193287,123.453
6300,0,0.1524,39.6,0.00193287,121.313
500,0,0.1524,31.7,0.00209405,121.617
630,0,0.1524,31.7,0.00209405,125.997
800,0,0.1524,31.7,0.00209405,129.117
1000,0,0.1524,31.7,0.00209405,130.987
1600,0,0.1524,31.7,0.00209405,130.817
4000,0,0.1524,31.7,0.00209405,123.807
5000,0,0.1524,31.7,0.00209405,122.397
6300,0,0.1524,31.7,0.00209405,119.737
630,2.7,0.1524,71.3,0.00243851,127.404
800,2.7,0.1524,71.3,0.00243851,127.394
1250,2.7,0.1524,71.3,0.00243851,130.144
1600,2.7,0.1524,71.3,0.00243851,130.644
2000,2.7,0.1524,71.3,0.00243851,130.114
2500,2.7,0.1524,71.3,0.00243851,128.334
3150,2.7,0.1524,71.3,0.00243851,127.054
4000,2.7,0.1524,71.3,0.00243851,126.534
5000,2.7,0.1524,71.3,0.00243851,124.364
6300,2.7,0.1524,71.3,0.00243851,121.944
8000,2.7,0.1524,71.3,0.00243851,120.534
10000,2.7,0.1524,71.3,0.00243851,116.724
12500,2.7,0.1524,71.3,0.00243851,113.034
16000,2.7,0.1524,71.3,0.00243851,110.364
800,2.7,0.1524,39.6,0.00294804,128.829
1000,2.7,0.1524,39.6,0.00294804,130.589
1600,2.7,0.1524,39.6,0.00294804,130.049
2000,2.7,0.1524,39.6,0.00294804,128.139
2500,2.7,0.1524,39.6,0.00294804,125.589
3150,2.7,0.1524,39.6,0.00294804,122.919
4000,2.7,0.1524,39.6,0.00294804,121.889
6300,2.7,0.1524,39.6,0.00294804,119.209
8000,2.7,0.1524,39.6,0.00294804,116.659
10000,2.7,0.1524,39.6,0.00294804,112.589
12500,2.7,0.1524,39.6,0.00294804,108.649
500,5.4,0.1524,71.3,0.00401199,126.291
630,5.4,0.1524,71.3,0.00401199,128.971
800,5.4,0.1524,71.3,0.00401199,131.281
1250,5.4,0.1524,71.3,0.00401199,134.111
2000,5.4,0.1524,71.3,0.00401199,131.111
2500,5.4,0.1524,71.3,0.00401199,127.591
3150,5.4,0.1524,71.3,0.00401199,123.311
4000,5.4,0.1524,71.3,0.00401199,121.431
5000,5.4,0.1524,71.3,0.00401199,120.061
500,5.4,0.1524,55.5,0.00433288,129.367
630,5.4,0.1524,55.5,0.00433288,131.807
1600,5.4,0.1524,55.5,0.00433288,130.567
2000,5.4,0.1524,55.5,0.00433288,128.707
2500,5.4,0.1524,55.5,0.00433288,124.077
4000,5.4,0.1524,55.5,0.00433288,119.737
5000,5.4,0.1524,55.5,0.00433288,118.757
6300,5.4,0.1524,55.5,0.00433288,117.287
315,5.4,0.1524,39.6,0.00485029,125.347
400,5.4,0.1524,39.6,0.00485029,127.637
630,5.4,0.1524,39.6,0.00485029,132.357
800,5.4,0.1524,39.6,0.00485029,132.757
1000,5.4,0.1524,39.6,0.00485029,130.507
1250,5.4,0.1524,39.6,0.00485029,127.117
1600,5.4,0.1524,39.6,0.00485029,126.267
2000,5.4,0.1524,39.6,0.00485029,124.647
2500,5.4,0.1524,39.6,0.00485029,120.497
3150,5.4,0.1524,39.6,0.00485029,119.137
4000,5.4,0.1524,39.6,0.00485029,117.137
5000,5.4,0.1524,39.6,0.00485029,117.037
6300,5.4,0.1524,39.6,0.00485029,116.677
315,5.4,0.1524,31.7,0.00525474,125.741
400,5.4,0.1524,31.7,0.00525474,127.781
500,5.4,0.1524,31.7,0.00525474,129.681
1000,5.4,0.1524,31.7,0.00525474,128.241
1250,5.4,0.1524,31.7,0.00525474,123.991
1600,5.4,0.1524,31.7,0.00525474,123.761
2000,5.4,0.1524,31.7,0.00525474,122.771
2500,5.4,0.1524,31.7,0.00525474,119.151
3150,5.4,0.1524,31.7,0.00525474,118.291
6300,5.4,0.1524,31.7,0.00525474,115.591
800,7.2,0.1524,71.3,0.00752039,136.023
1000,7.2,0.1524,71.3,0.00752039,134.273
1250,7.2,0.1524,71.3,0.00752039,132.513
1600,7.2,0.1524,71.3,0.00752039,130.893
2000,7.2,0.1524,71.3,0.00752039,128.643
2500,7.2,0.1524,71.3,0.00752039,124.353
3150,7.2,0.1524,71.3,0.00752039,116.783
6300,7.2,0.1524,71.3,0.00752039,116.603
10000,7.2,0.1524,71.3,0.00752039,110.313
250,7.2,0.1524,39.6,0.00909175,127.488
315,7.2,0.1524,39.6,0.00909175,130.558
400,7.2,0.1524,39.6,0.00909175,132.118
630,7.2,0.1524,39.6,0.00909175,133.198
800,7.2,0.1524,39.6,0.00909175,132.358
1000,7.2,0.1524,39.6,0.00909175,128.338
1250,7.2,0.1524,39.6,0.00909175,122.428
1600,7.2,0.1524,39.6,0.00909175,120.058
2000,7.2,0.1524,39.6,0.00909175,120.228
2500,7.2,0.1524,39.6,0.00909175,117.478
4000,7.2,0.1524,39.6,0.00909175,114.258
5000,7.2,0.1524,39.6,0.00909175,113.288
8000,7.2,0.1524,39.6,0.00909175,111.588
10000,7.2,0.1524,39.6,0.00909175,110.868
200,9.9,0.1524,71.3,0.0193001,134.319
315,9.9,0.1524,71.3,0.0193001,135.459
400,9.9,0.1524,71.3,0.0193001,135.079
500,9.9,0.1524,71.3,0.0193001,131.279
630,9.9,0.1524,71.3,0.0193001,129.889
800,9.9,0.1524,71.3,0.0193001,128.879
1000,9.9,0.1524,71.3,0.0193001,126.349
1250,9.9,0.1524,71.3,0.0193001,122.679
2000,9.9,0.1524,71.3,0.0193001,120.779
2500,9.9,0.1524,71.3,0.0193001,119.639
3150,9.9,0.1524,71.3,0.0193001,116.849
4000,9.9,0.1524,71.3,0.0193001,115.079
5000,9.9,0.1524,71.3,0.0193001,114.569
6300,9.9,0.1524,71.3,0.0193001,112.039
200,9.9,0.1524,55.5,0.0208438,131.955
250,9.9,0.1524,55.5,0.0208438,133.235
315,9.9,0.1524,55.5,0.0208438,132.355
500,9.9,0.1524,55.5,0.0208438,127.815
800,9.9,0.1524,55.5,0.0208438,126.565
1250,9.9,0.1524,55.5,0.0208438,121.635
1600,9.9,0.1524,55.5,0.0208438,119.875
2000,9.9,0.1524,55.5,0.0208438,119.505
3150,9.9,0.1524,55.5,0.0208438,115.085
4000,9.9,0.1524,55.5,0.0208438,112.945
5000,9.9,0.1524,55.5,0.0208438,112.065
6300,9.9,0.1524,55.5,0.0208438,110.555
200,9.9,0.1524,39.6,0.0233328,127.315
315,9.9,0.1524,39.6,0.0233328,128.595
400,9.9,0.1524,39.6,0.0233328,128.345
800,9.9,0.1524,39.6,0.0233328,126.345
1000,9.9,0.1524,39.6,0.0233328,123.835
1250,9.9,0.1524,39.6,0.0233328,120.555
2500,9.9,0.1524,39.6,0.0233328,116.295
3150,9.9,0.1524,39.6,0.0233328,113.525
4000,9.9,0.1524,39.6,0.0233328,112.265
5000,9.9,0.1524,39.6,0.0233328,111.135
6300,9.9,0.1524,39.6,0.0233328,109.885
315,9.9,0.1524,31.7,0.0252785,128.809
500,9.9,0.1524,31.7,0.0252785,127.179
800,9.9,0.1524,31.7,0.0252785,125.539
1000,9.9,0.1524,31.7,0.0252785,122.149
1600,9.9,0.1524,31.7,0.0252785,117.119
2500,9.9,0.1524,31.7,0.0252785,114.729
3150,9.9,0.1524,31.7,0.0252785,112.209
6300,9.9,0.1524,31.7,0.0252785,108.689
200,12.6,0.1524,71.3,0.0483159,128.354
400,12.6,0.1524,71.3,0.0483159,127.094
500,12.6,0.1524,71.3,0.0483159,121.664
630,12.6,0.1524,71.3,0.0483159,123.304
800,12.6,0.1524,71.3,0.0483159,123.054
1000,12.6,0.1524,71.3,0.0483159,122.044
1250,12.6,0.1524,71.3,0.0483159,120.154
1600,12.6,0.1524,71.3,0.0483159,120.534
2000,12.6,0.1524,71.3,0.0483159,117.504
2500,12.6,0.1524,71.3,0.0483159,115.234
4000,12.6,0.1524,71.3,0.0483159,108.034
5000,12.6,0.1524,71.3,0.0483159,108.034
6300,12.6,0.1524,71.3,0.0483159,107.284
400,12.6,0.1524,39.6,0.0584113,115.910
500,12.6,0.1524,39.6,0.0584113,114.900
630,12.6,0.1524,39.6,0.0584113,116.550
1000,12.6,0.1524,39.6,0.0584113,114.670
1250,12.6,0.1524,39.6,0.0584113,112.160
1600,12.6,0.1524,39.6,0.0584113,110.780
2500,12.6,0.1524,39.6,0.0584113,106.880
3150,12.6,0.1524,39.6,0.0584113,106.260
4000,12.6,0.1524,39.6,0.0584113,104.500
6300,12.6,0.1524,39.6,0.0584113,103.380
1000,0,0.0508,71.3,0.000740478,129.450
1600,0,0.0508,71.3,0.000740478,129.680
2000,0,0.0508,71.3,0.000740478,131.060
2500,0,0.0508,71.3,0.000740478,131.310
4000,0,0.0508,71.3,0.000740478,134.430
6300,0,0.0508,71.3,0.000740478,133.040
10000,0,0.0508,71.3,0.000740478,128.740
800,0,0.0508,55.5,0.00076193,124.336
1000,0,0.0508,55.5,0.00076193,125.586
1250,0,0.0508,55.5,0.00076193,127.076
3150,0,0.0508,55.5,0.00076193,134.826
4000,0,0.0508,55.5,0.00076193,134.946
5000,0,0.0508,55.5,0.00076193,134.556
8000,0,0.0508,55.5,0.00076193,130.156
10000,0,0.0508,55.5,0.00076193,127.636
800,0,0.0508,39.6,0.000791822,126.508
1000,0,0.0508,39.6,0.000791822,127.638
1250,0,0.0508,39.6,0.000791822,129.148
3150,0,0.0508,39.6,0.000791822,135.938
8000,0,0.0508,39.6,0.000791822,128.518
10000,0,0.0508,39.6,0.000791822,125.998
800,0,0.0508,31.7,0.000812164,122.790
1000,0,0.0508,31.7,0.000812164,126.780
3150,0,0.0508,31.7,0.000812164,135.490
4000,0,0.0508,31.7,0.000812164,134.110
5000,0,0.0508,31.7,0.000812164,133.230
8000,0,0.0508,31.7,0.000812164,126.590
10000,0,0.0508,31.7,0.000812164,122.450
12500,0,0.0508,31.7,0.000812164,119.070
2000,4.2,0.0508,71.3,0.00142788,129.848
2500,4.2,0.0508,71.3,0.00142788,131.978
3150,4.2,0.0508,71.3,0.00142788,133.728
4000,4.2,0.0508,71.3,0.00142788,133.598
5000,4.2,0.0508,71.3,0.00142788,132.828
6300,4.2,0.0508,71.3,0.00142788,129.308
10000,4.2,0.0508,71.3,0.00142788,121.238
1250,4.2,0.0508,39.6,0.00152689,128.427
1600,4.2,0.0508,39.6,0.00152689,130.197
2000,4.2,0.0508,39.6,0.00152689,132.587
2500,4.2,0.0508,39.6,0.00152689,133.847
3150,4.2,0.0508,39.6,0.00152689,133.587
4000,4.2,0.0508,39.6,0.00152689,131.807
10000,4.2,0.0508,39.6,0.00152689,116.967
800,8.4,0.0508,71.3,0.00529514,127.556
1600,8.4,0.0508,71.3,0.00529514,133.846
2500,8.4,0.0508,71.3,0.00529514,134.226
3150,8.4,0.0508,71.3,0.00529514,131.966
4000,8.4,0.0508,71.3,0.00529514,126.926
5000,8.4,0.0508,71.3,0.00529514,121.146
400,8.4,0.0508,55.5,0.00544854,121.582
500,8.4,0.0508,55.5,0.00544854,123.742
630,8.4,0.0508,55.5,0.00544854,126.152
800,8.4,0.0508,55.5,0.00544854,128.562
1000,8.4,0.0508,55.5,0.00544854,130.722
1250,8.4,0.0508,55.5,0.00544854,132.252
2000,8.4,0.0508,55.5,0.00544854,133.042
2500,8.4,0.0508,55.5,0.00544854,131.542
4000,8.4,0.0508,55.5,0.00544854,122.612
5000,8.4,0.0508,55.5,0.00544854,115.812
500,8.4,0.0508,39.6,0.00566229,122.905
800,8.4,0.0508,39.6,0.00566229,128.435
1000,8.4,0.0508,39.6,0.00566229,130.195
1250,8.4,0.0508,39.6,0.00566229,131.205
1600,8.4,0.0508,39.6,0.00566229,130.965
2000,8.4,0.0508,39.6,0.00566229,129.965
2500,8.4,0.0508,39.6,0.00566229,127.465
3150,8.4,0.0508,39.6,0.00566229,123.965
4000,8.4,0.0508,39.6,0.00566229,118.955
400,8.4,0.0508,31.7,0.00580776,120.076
800,8.4,0.0508,31.7,0.00580776,128.246
1250,8.4,0.0508,31.7,0.00580776,130.156
1600,8.4,0.0508,31.7,0.00580776,129.296
2000,8.4,0.0508,31.7,0.00580776,127.686
3150,8.4,0.0508,31.7,0.00580776,122.086
4000,8.4,0.0508,31.7,0.00580776,118.106
200,11.2,0.0508,71.3,0.014072,125.941
250,11.2,0.0508,71.3,0.014072,127.101
315,11.2,0.0508,71.3,0.014072,128.381
400,11.2,0.0508,71.3,0.014072,129.281
500,11.2,0.0508,71.3,0.014072,130.311
1000,11.2,0.0508,71.3,0.014072,136.941
1250,11.2,0.0508,71.3,0.014072,136.191
1600,11.2,0.0508,71.3,0.014072,135.191
2000,11.2,0.0508,71.3,0.014072,133.311
2500,11.2,0.0508,71.3,0.014072,130.541
3150,11.2,0.0508,71.3,0.014072,127.141
250,11.2,0.0508,39.6,0.0150478,126.430
315,11.2,0.0508,39.6,0.0150478,128.990
800,11.2,0.0508,39.6,0.0150478,133.790
1000,11.2,0.0508,39.6,0.0150478,132.430
1250,11.2,0.0508,39.6,0.0150478,130.050
1600,11.2,0.0508,39.6,0.0150478,126.540
2000,11.2,0.0508,39.6,0.0150478,124.420
2500,11.2,0.0508,39.6,0.0150478,122.170
3150,11.2,0.0508,39.6,0.0150478,119.670
400,15.4,0.0508,71.3,0.0264269,126.805
500,15.4,0.0508,71.3,0.0264269,127.285
630,15.4,0.0508,71.3,0.0264269,129.645
800,15.4,0.0508,71.3,0.0264269,131.515
1000,15.4,0.0508,71.3,0.0264269,131.865
1600,15.4,0.0508,71.3,0.0264269,130.065
2500,15.4,0.0508,71.3,0.0264269,127.625
4000,15.4,0.0508,71.3,0.0264269,122.675
200,15.4,0.0508,55.5,0.0271925,122.940
250,15.4,0.0508,55.5,0.0271925,124.170
315,15.4,0.0508,55.5,0.0271925,125.390
400,15.4,0.0508,55.5,0.0271925,126.500
500,15.4,0.0508,55.5,0.0271925,127.220
630,15.4,0.0508,55.5,0.0271925,129.330
800,15.4,0.0508,55.5,0.0271925,130.430
1250,15.4,0.0508,55.5,0.0271925,130.000
1600,15.4,0.0508,55.5,0.0271925,128.200
2000,15.4,0.0508,55.5,0.0271925,127.040
3150,15.4,0.0508,55.5,0.0271925,123.460
4000,15.4,0.0508,55.5,0.0271925,120.920
5000,15.4,0.0508,55.5,0.0271925,117.110
6300,15.4,0.0508,55.5,0.0271925,112.930
200,15.4,0.0508,39.6,0.0282593,121.783
250,15.4,0.0508,39.6,0.0282593,122.893
315,15.4,0.0508,39.6,0.0282593,124.493
400,15.4,0.0508,39.6,0.0282593,125.353
500,15.4,0.0508,39.6,0.0282593,125.963
630,15.4,0.0508,39.6,0.0282593,127.443
800,15.4,0.0508,39.6,0.0282593,128.423
1000,15.4,0.0508,39.6,0.0282593,127.893
1250,15.4,0.0508,39.6,0.0282593,126.743
1600,15.4,0.0508,39.6,0.0282593,124.843
2000,15.4,0.0508,39.6,0.0282593,123.443
2500,15.4,0.0508,39.6,0.0282593,122.413
3150,15.4,0.0508,39.6,0.0282593,120.513
4000,15.4,0.0508,39.6,0.0282593,118.113
6300,15.4,0.0508,39.6,0.0282593,109.663
200,15.4,0.0508,31.7,0.0289853,119.975
250,15.4,0.0508,31.7,0.0289853,121.225
400,15.4,0.0508,31.7,0.0289853,123.705
500,15.4,0.0508,31.7,0.0289853,123.695
630,15.4,0.0508,31.7,0.0289853,124.685
1000,15.4,0.0508,31.7,0.0289853,124.525
1250,15.4,0.0508,31.7,0.0289853,123.255
1600,15.4,0.0508,31.7,0.0289853,121.485
2000,15.4,0.0508,31.7,0.0289853,120.835
2500,15.4,0.0508,31.7,0.0289853,119.945
3150,15.4,0.0508,31.7,0.0289853,118.045
5000,15.4,0.0508,31.7,0.0289853,112.355
250,19.7,0.0508,71.3,0.0341183,119.115
315,19.7,0.0508,71.3,0.0341183,121.235
400,19.7,0.0508,71.3,0.0341183,123.865
500,19.7,0.0508,71.3,0.0341183,126.995
630,19.7,0.0508,71.3,0.0341183,128.365
800,19.7,0.0508,71.3,0.0341183,124.555
1000,19.7,0.0508,71.3,0.0341183,121.885
1250,19.7,0.0508,71.3,0.0341183,121.485
1600,19.7,0.0508,71.3,0.0341183,120.575
2000,19.7,0.0508,71.3,0.0341183,120.055
2500,19.7,0.0508,71.3,0.0341183,118.385
3150,19.7,0.0508,71.3,0.0341183,116.225
4000,19.7,0.0508,71.3,0.0341183,113.045
250,19.7,0.0508,39.6,0.036484,127.224
315,19.7,0.0508,39.6,0.036484,129.864
400,19.7,0.0508,39.6,0.036484,130.614
500,19.7,0.0508,39.6,0.036484,128.444
630,19.7,0.0508,39.6,0.036484,120.324
800,19.7,0.0508,39.6,0.036484,119.174
1000,19.7,0.0508,39.6,0.036484,118.904
1250,19.7,0.0508,39.6,0.036484,118.634
1600,19.7,0.0508,39.6,0.036484,117.604
2500,19.7,0.0508,39.6,0.036484,116.184
4000,19.7,0.0508,39.6,0.036484,108.684
3150,0,0.0254,71.3,0.000400682,137.007
4000,0,0.0254,71.3,0.000400682,138.557
5000,0,0.0254,71.3,0.000400682,136.837
6300,0,0.0254,71.3,0.000400682,134.987
8000,0,0.0254,71.3,0.000400682,129.867
10000,0,0.0254,71.3,0.000400682,130.787
12500,0,0.0254,71.3,0.000400682,133.207
16000,0,0.0254,71.3,0.000400682,130.477
2500,0,0.0254,55.5,0.00041229,130.073
3150,0,0.0254,55.5,0.00041229,130.503
4000,0,0.0254,55.5,0.00041229,133.223
5000,0,0.0254,55.5,0.00041229,135.803
10000,0,0.0254,55.5,0.00041229,134.563
12500,0,0.0254,55.5,0.00041229,131.453
20000,0,0.0254,55.5,0.00041229,121.933
1600,0,0.0254,39.6,0.000428464,124.156
2500,0,0.0254,39.6,0.000428464,131.836
3150,0,0.0254,39.6,0.000428464,133.276
4000,0,0.0254,39.6,0.000428464,135.346
5000,0,0.0254,39.6,0.000428464,136.536
6300,0,0.0254,39.6,0.000428464,136.826
8000,0,0.0254,39.6,0.000428464,135.866
10000,0,0.0254,39.6,0.000428464,133.376
16000,0,0.0254,39.6,0.000428464,124.986
1000,0,0.0254,31.7,0.000439472,125.127
1250,0,0.0254,31.7,0.000439472,127.947
2000,0,0.0254,31.7,0.000439472,130.697
3150,0,0.0254,31.7,0.000439472,135.227
4000,0,0.0254,31.7,0.000439472,137.047
5000,0,0.0254,31.7,0.000439472,138.607
6300,0,0.0254,31.7,0.000439472,138.537
8000,0,0.0254,31.7,0.000439472,137.207
16000,0,0.0254,31.7,0.000439472,125.627
2000,4.8,0.0254,71.3,0.000848633,128.398
2500,4.8,0.0254,71.3,0.000848633,130.828
6300,4.8,0.0254,71.3,0.000848633,134.498
12500,4.8,0.0254,71.3,0.000848633,127.688
16000,4.8,0.0254,71.3,0.000848633,124.208
20000,4.8,0.0254,71.3,0.000848633,119.708
1600,4.8,0.0254,55.5,0.000873218,121.474
2000,4.8,0.0254,55.5,0.000873218,125.054
2500,4.8,0.0254,55.5,0.000873218,129.144
5000,4.8,0.0254,55.5,0.000873218,135.484
6300,4.8,0.0254,55.5,0.000873218,135.164
8000,4.8,0.0254,55.5,0.000873218,132.184
10000,4.8,0.0254,55.5,0.000873218,126.944
16000,4.8,0.0254,55.5,0.000873218,124.394
500,4.8,0.0254,39.6,0.000907475,116.366
1000,4.8,0.0254,39.6,0.000907475,122.956
1250,4.8,0.0254,39.6,0.000907475,125.026
1600,4.8,0.0254,39.6,0.000907475,125.966
2000,4.8,0.0254,39.6,0.000907475,128.916
2500,4.8,0.0254,39.6,0.000907475,131.236
3150,4.8,0.0254,39.6,0.000907475,133.436
4000,4.8,0.0254,39.6,0.000907475,134.996
5000,4.8,0.0254,39.6,0.000907475,135.426
6300,4.8,0.0254,39.6,0.000907475,134.336
8000,4.8,0.0254,39.6,0.000907475,131.346
500,4.8,0.0254,31.7,0.000930789,116.128
630,4.8,0.0254,31.7,0.000930789,120.078
1000,4.8,0.0254,31.7,0.000930789,125.348
1250,4.8,0.0254,31.7,0.000930789,127.408
1600,4.8,0.0254,31.7,0.000930789,128.718
4000,4.8,0.0254,31.7,0.000930789,135.328
5000,4.8,0.0254,31.7,0.000930789,135.248
630,9.5,0.0254,71.3,0.00420654,125.726
800,9.5,0.0254,71.3,0.00420654,127.206
1000,9.5,0.0254,71.3,0.00420654,129.556
1250,9.5,0.0254,71.3,0.00420654,131.656
1600,9.5,0.0254,71.3,0.00420654,133.756
3150,9.5,0.0254,71.3,0.00420654,136.166
6300,9.5,0.0254,71.3,0.00420654,127.246
400,9.5,0.0254,55.5,0.0043284,120.952
500,9.5,0.0254,55.5,0.0043284,123.082
1250,9.5,0.0254,55.5,0.0043284,132.202
1600,9.5,0.0254,55.5,0.0043284,133.062
2000,9.5,0.0254,55.5,0.0043284,134.052
2500,9.5,0.0254,55.5,0.0043284,134.152
3150,9.5,0.0254,55.5,0.0043284,133.252
6300,9.5,0.0254,55.5,0.0043284,124.222
400,9.5,0.0254,39.6,0.00449821,121.154
500,9.5,0.0254,39.6,0.00449821,123.894
630,9.5,0.0254,39.6,0.00449821,126.514
800,9.5,0.0254,39.6,0.00449821,129.014
1000,9.5,0.0254,39.6,0.00449821,130.374
1250,9.5,0.0254,39.6,0.00449821,130.964
2000,9.5,0.0254,39.6,0.00449821,131.274
2500,9.5,0.0254,39.6,0.00449821,131.234
3150,9.5,0.0254,39.6,0.00449821,129.934
4000,9.5,0.0254,39.6,0.00449821,127.864
5000,9.5,0.0254,39.6,0.00449821,125.044
6300,9.5,0.0254,39.6,0.00449821,120.324
200,9.5,0.0254,31.7,0.00461377,119.146
250,9.5,0.0254,31.7,0.00461377,120.136
315,9.5,0.0254,31.7,0.00461377,122.766
400,9.5,0.0254,31.7,0.00461377,124.756
800,9.5,0.0254,31.7,0.00461377,130.746
1000,9.5,0.0254,31.7,0.00461377,131.346
1250,9.5,0.0254,31.7,0.00461377,131.446
2000,9.5,0.0254,31.7,0.00461377,130.496
2500,9.5,0.0254,31.7,0.00461377,130.086
3150,9.5,0.0254,31.7,0.00461377,128.536
4000,9.5,0.0254,31.7,0.00461377,126.736
250,12.7,0.0254,71.3,0.0121808,119.698
400,12.7,0.0254,71.3,0.0121808,125.048
800,12.7,0.0254,71.3,0.0121808,130.348
1000,12.7,0.0254,71.3,0.0121808,131.698
1250,12.7,0.0254,71.3,0.0121808,133.048
1600,12.7,0.0254,71.3,0.0121808,134.528
2500,12.7,0.0254,71.3,0.0121808,134.058
3150,12.7,0.0254,71.3,0.0121808,133.758
5000,12.7,0.0254,71.3,0.0121808,128.978
6300,12.7,0.0254,71.3,0.0121808,125.398
8000,12.7,0.0254,71.3,0.0121808,120.538
10000,12.7,0.0254,71.3,0.0121808,114.418
315,12.7,0.0254,39.6,0.0130253,123.537
400,12.7,0.0254,39.6,0.0130253,125.527
630,12.7,0.0254,39.6,0.0130253,128.867
800,12.7,0.0254,39.6,0.0130253,130.217
1000,12.7,0.0254,39.6,0.0130253,130.947
1250,12.7,0.0254,39.6,0.0130253,130.777
1600,12.7,0.0254,39.6,0.0130253,129.977
2000,12.7,0.0254,39.6,0.0130253,129.567
2500,12.7,0.0254,39.6,0.0130253,129.027
4000,12.7,0.0254,39.6,0.0130253,126.537
6300,12.7,0.0254,39.6,0.0130253,123.177
10000,12.7,0.0254,39.6,0.0130253,116.017
315,17.4,0.0254,71.3,0.016104,115.846
630,17.4,0.0254,71.3,0.016104,122.606
800,17.4,0.0254,71.3,0.016104,124.276
1000,17.4,0.0254,71.3,0.016104,125.816
1250,17.4,0.0254,71.3,0.016104,126.356
2000,17.4,0.0254,71.3,0.016104,126.826
2500,17.4,0.0254,71.3,0.016104,126.746
3150,17.4,0.0254,71.3,0.016104,126.536
4000,17.4,0.0254,71.3,0.016104,125.586
5000,17.4,0.0254,71.3,0.016104,123.126
8000,17.4,0.0254,71.3,0.016104,115.466
200,17.4,0.0254,55.5,0.0165706,109.951
250,17.4,0.0254,55.5,0.0165706,110.491
800,17.4,0.0254,55.5,0.0165706,123.091
1000,17.4,0.0254,55.5,0.0165706,126.001
2000,17.4,0.0254,55.5,0.0165706,125.261
2500,17.4,0.0254,55.5,0.0165706,124.931
3150,17.4,0.0254,55.5,0.0165706,124.101
4000,17.4,0.0254,55.5,0.0165706,121.771
200,17.4,0.0254,39.6,0.0172206,114.044
250,17.4,0.0254,39.6,0.0172206,114.714
315,17.4,0.0254,39.6,0.0172206,115.144
500,17.4,0.0254,39.6,0.0172206,117.514
800,17.4,0.0254,39.6,0.0172206,135.324
1000,17.4,0.0254,39.6,0.0172206,138.274
1600,17.4,0.0254,39.6,0.0172206,127.614
2000,17.4,0.0254,39.6,0.0172206,126.644
2500,17.4,0.0254,39.6,0.0172206,124.154
3150,17.4,0.0254,39.6,0.0172206,123.564
200,17.4,0.0254,31.7,0.0176631,116.146
315,17.4,0.0254,31.7,0.0176631,118.416
400,17.4,0.0254,31.7,0.0176631,120.766
500,17.4,0.0254,31.7,0.0176631,127.676
800,17.4,0.0254,31.7,0.0176631,139.226
1000,17.4,0.0254,31.7,0.0176631,131.796
1600,17.4,0.0254,31.7,0.0176631,126.846
2500,17.4,0.0254,31.7,0.0176631,124.166
4000,17.4,0.0254,31.7,0.0176631,121.996
315,22.2,0.0254,71.3,0.0214178,115.857
400,22.2,0.0254,71.3,0.0214178,117.927
500,22.2,0.0254,71.3,0.0214178,117.967
630,22.2,0.0254,71.3,0.0214178,120.657
800,22.2,0.0254,71.3,0.0214178,123.227
1250,22.2,0.0254,71.3,0.0214178,140.987
1600,22.2,0.0254,71.3,0.0214178,131.817
2000,22.2,0.0254,71.3,0.0214178,127.197
2500,22.2,0.0254,71.3,0.0214178,126.097
4000,22.2,0.0254,71.3,0.0214178,123.917
5000,22.2,0.0254,71.3,0.0214178,125.727
6300,22.2,0.0254,71.3,0.0214178,123.127
8000,22.2,0.0254,71.3,0.0214178,121.657
200,22.2,0.0254,39.6,0.0229028,116.066
250,22.2,0.0254,39.6,0.0229028,117.386
315,22.2,0.0254,39.6,0.0229028,120.716
400,22.2,0.0254,39.6,0.0229028,123.416
630,22.2,0.0254,39.6,0.0229028,137.026
1000,22.2,0.0254,39.6,0.0229028,128.416
1250,22.2,0.0254,39.6,0.0229028,126.446
2000,22.2,0.0254,39.6,0.0229028,121.256
2500,22.2,0.0254,39.6,0.0229028,121.306
3150,22.2,0.0254,39.6,0.0229028,120.856
5000,22.2,0.0254,39.6,0.0229028,118.816
800,0,0.1016,71.3,0.00121072,126.805
2500,0,0.1016,71.3,0.00121072,132.595
3150,0,0.1016,71.3,0.00121072,131.955
5000,0,0.1016,71.3,0.00121072,130.795
8000,0,0.1016,71.3,0.00121072,125.465
12500,0,0.1016,71.3,0.00121072,119.375
800,0,0.1016,55.5,0.00131983,127.920
1000,0,0.1016,55.5,0.00131983,129.800
1250,0,0.1016,55.5,0.00131983,131.430
1600,0,0.1016,55.5,0.00131983,132.050
2500,0,0.1016,55.5,0.00131983,133.040
3150,0,0.1016,55.5,0.00131983,131.780
5000,0,0.1016,55.5,0.00131983,128.360
8000,0,0.1016,55.5,0.00131983,124.450
10000,0,0.1016,55.5,0.00131983,121.930
800,0,0.1016,39.6,0.00146332,128.401
1000,0,0.1016,39.6,0.00146332,130.781
1600,0,0.1016,39.6,0.00146332,133.261
2000,0,0.1016,39.6,0.00146332,133.251
2500,0,0.1016,39.6,0.00146332,132.611
3150,0,0.1016,39.6,0.00146332,130.961
4000,0,0.1016,39.6,0.00146332,127.801
6300,0,0.1016,39.6,0.00146332,125.631
8000,0,0.1016,39.6,0.00146332,122.341
630,0,0.1016,31.7,0.00150092,126.413
800,0,0.1016,31.7,0.00150092,129.053
1000,0,0.1016,31.7,0.00150092,131.313
1250,0,0.1016,31.7,0.00150092,133.063
1600,0,0.1016,31.7,0.00150092,133.553
2000,0,0.1016,31.7,0.00150092,133.153
2500,0,0.1016,31.7,0.00150092,132.003
3150,0,0.1016,31.7,0.00150092,129.973
4000,0,0.1016,31.7,0.00150092,126.933
5000,0,0.1016,31.7,0.00150092,124.393
6300,0,0.1016,31.7,0.00150092,124.253
800,3.3,0.1016,71.3,0.00202822,131.074
1250,3.3,0.1016,71.3,0.00202822,132.304
1600,3.3,0.1016,71.3,0.00202822,133.664
2000,3.3,0.1016,71.3,0.00202822,134.034
4000,3.3,0.1016,71.3,0.00202822,128.704
5000,3.3,0.1016,71.3,0.00202822,127.054
8000,3.3,0.1016,71.3,0.00202822,121.234
10000,3.3,0.1016,71.3,0.00202822,116.694
800,3.3,0.1016,55.5,0.002211,129.119
1250,3.3,0.1016,55.5,0.002211,132.769
1600,3.3,0.1016,55.5,0.002211,133.649
2000,3.3,0.1016,55.5,0.002211,133.649
2500,3.3,0.1016,55.5,0.002211,132.889
3150,3.3,0.1016,55.5,0.002211,130.629
5000,3.3,0.1016,55.5,0.002211,124.839
8000,3.3,0.1016,55.5,0.002211,120.569
10000,3.3,0.1016,55.5,0.002211,115.659
800,3.3,0.1016,39.6,0.00245138,129.991
1000,3.3,0.1016,39.6,0.00245138,131.971
1250,3.3,0.1016,39.6,0.00245138,133.211
1600,3.3,0.1016,39.6,0.00245138,133.071
2000,3.3,0.1016,39.6,0.00245138,132.301
3150,3.3,0.1016,39.6,0.00245138,128.401
4000,3.3,0.1016,39.6,0.00245138,124.881
5000,3.3,0.1016,39.6,0.00245138,122.371
6300,3.3,0.1016,39.6,0.00245138,120.851
8000,3.3,0.1016,39.6,0.00245138,118.091
10000,3.3,0.1016,39.6,0.00245138,115.321
630,3.3,0.1016,31.7,0.00251435,128.952
800,3.3,0.1016,31.7,0.00251435,131.362
1250,3.3,0.1016,31.7,0.00251435,134.022
1600,3.3,0.1016,31.7,0.00251435,133.402
2000,3.3,0.1016,31.7,0.00251435,131.642
2500,3.3,0.1016,31.7,0.00251435,130.392
4000,3.3,0.1016,31.7,0.00251435,124.852
5000,3.3,0.1016,31.7,0.00251435,122.082
6300,3.3,0.1016,31.7,0.00251435,120.702
8000,3.3,0.1016,31.7,0.00251435,117.432
800,6.7,0.1016,71.3,0.00478288,134.478
1250,6.7,0.1016,71.3,0.00478288,137.658
1600,6.7,0.1016,71.3,0.00478288,136.678
2000,6.7,0.1016,71.3,0.00478288,134.568
2500,6.7,0.1016,71.3,0.00478288,131.458
3150,6.7,0.1016,71.3,0.00478288,124.458
500,6.7,0.1016,55.5,0.0052139,129.343
800,6.7,0.1016,55.5,0.0052139,135.953
1000,6.7,0.1016,55.5,0.0052139,137.233
1250,6.7,0.1016,55.5,0.0052139,136.883
1600,6.7,0.1016,55.5,0.0052139,133.653
2000,6.7,0.1016,55.5,0.0052139,129.653
2500,6.7,0.1016,55.5,0.0052139,124.273
1000,6.7,0.1016,39.6,0.00578076,134.515
1250,6.7,0.1016,39.6,0.00578076,132.395
2000,6.7,0.1016,39.6,0.00578076,122.235
315,6.7,0.1016,31.7,0.00592927,126.266
630,6.7,0.1016,31.7,0.00592927,132.116
1000,6.7,0.1016,31.7,0.00592927,131.636
1250,6.7,0.1016,31.7,0.00592927,129.256
1600,6.7,0.1016,31.7,0.00592927,124.346
200,8.9,0.1016,71.3,0.0103088,133.503
250,8.9,0.1016,71.3,0.0103088,134.533
315,8.9,0.1016,71.3,0.0103088,136.583
400,8.9,0.1016,71.3,0.0103088,138.123
1000,8.9,0.1016,71.3,0.0103088,135.433
1250,8.9,0.1016,71.3,0.0103088,132.793
1600,8.9,0.1016,71.3,0.0103088,128.763
2000,8.9,0.1016,71.3,0.0103088,124.233
2500,8.9,0.1016,71.3,0.0103088,123.623
3150,8.9,0.1016,71.3,0.0103088,123.263
4000,8.9,0.1016,71.3,0.0103088,120.243
5000,8.9,0.1016,71.3,0.0103088,116.723
315,8.9,0.1016,39.6,0.0124596,135.380
400,8.9,0.1016,39.6,0.0124596,135.540
500,8.9,0.1016,39.6,0.0124596,133.790
630,8.9,0.1016,39.6,0.0124596,131.920
1250,8.9,0.1016,39.6,0.0124596,127.710
1600,8.9,0.1016,39.6,0.0124596,123.820
2000,8.9,0.1016,39.6,0.0124596,119.040
2500,8.9,0.1016,39.6,0.0124596,119.190
3150,8.9,0.1016,39.6,0.0124596,119.350
4000,8.9,0.1016,39.6,0.0124596,116.220
250,12.3,0.1016,71.3,0.0337792,131.568
400,12.3,0.1016,71.3,0.0337792,139.428
500,12.3,0.1016,71.3,0.0337792,140.158
630,12.3,0.1016,71.3,0.0337792,135.368
800,12.3,0.1016,71.3,0.0337792,127.318
1000,12.3,0.1016,71.3,0.0337792,127.928
2500,12.3,0.1016,71.3,0.0337792,121.318
3150,12.3,0.1016,71.3,0.0337792,120.798
5000,12.3,0.1016,71.3,0.0337792,116.108
200,12.3,0.1016,55.5,0.0368233,132.304
315,12.3,0.1016,55.5,0.0368233,135.674
400,12.3,0.1016,55.5,0.0368233,136.414
630,12.3,0.1016,55.5,0.0368233,124.244
1000,12.3,0.1016,55.5,0.0368233,125.484
1600,12.3,0.1016,55.5,0.0368233,121.824
2000,12.3,0.1016,55.5,0.0368233,118.564
2500,12.3,0.1016,55.5,0.0368233,117.054
3150,12.3,0.1016,55.5,0.0368233,116.914
4000,12.3,0.1016,55.5,0.0368233,114.404
6300,12.3,0.1016,55.5,0.0368233,110.124
200,12.3,0.1016,39.6,0.0408268,128.545
315,12.3,0.1016,39.6,0.0408268,129.415
400,12.3,0.1016,39.6,0.0408268,128.265
500,12.3,0.1016,39.6,0.0408268,122.205
630,12.3,0.1016,39.6,0.0408268,121.315
1000,12.3,0.1016,39.6,0.0408268,122.435
1600,12.3,0.1016,39.6,0.0408268,117.875
2000,12.3,0.1016,39.6,0.0408268,114.085
2500,12.3,0.1016,39.6,0.0408268,113.315
4000,12.3,0.1016,39.6,0.0408268,110.905
200,12.3,0.1016,31.7,0.0418756,124.987
250,12.3,0.1016,31.7,0.0418756,125.857
315,12.3,0.1016,31.7,0.0418756,124.717
400,12.3,0.1016,31.7,0.0418756,123.207
630,12.3,0.1016,31.7,0.0418756,119.287
800,12.3,0.1016,31.7,0.0418756,120.037
1000,12.3,0.1016,31.7,0.0418756,119.777
1600,12.3,0.1016,31.7,0.0418756,114.477
2000,12.3,0.1016,31.7,0.0418756,110.447
2500,12.3,0.1016,31.7,0.0418756,110.317
4000,12.3,0.1016,31.7,0.0418756,108.407
5000,12.3,0.1016,31.7,0.0418756,107.147
6300,12.3,0.1016,31.7,0.0418756,107.267
200,15.6,0.1016,71.3,0.0437259,130.898
250,15.6,0.1016,71.3,0.0437259,132.158
315,15.6,0.1016,71.3,0.0437259,133.808
400,15.6,0.1016,71.3,0.0437259,134.058
500,15.6,0.1016,71.3,0.0437259,130.638
630,15.6,0.1016,71.3,0.0437259,122.288
1000,15.6,0.1016,71.3,0.0437259,124.438
1250,15.6,0.1016,71.3,0.0437259,123.178
1600,15.6,0.1016,71.3,0.0437259,121.528
4000,15.6,0.1016,71.3,0.0437259,113.298
200,15.6,0.1016,39.6,0.0528487,123.514
250,15.6,0.1016,39.6,0.0528487,124.644
315,15.6,0.1016,39.6,0.0528487,122.754
500,15.6,0.1016,39.6,0.0528487,115.304
1600,15.6,0.1016,39.6,0.0528487,114.554
2000,15.6,0.1016,39.6,0.0528487,110.894
2500,15.6,0.1016,39.6,0.0528487,110.264
5000,15.6,0.1016,39.6,0.0528487,106.224
6300,15.6,0.1016,39.6,0.0528487,104.204
